Id,SalePrice
1461,128156.58798199405
1462,159734.29185033543
1463,188561.4215565839
1464,197465.09698084014
1465,190380.80859166442
1466,174529.60445766273
1467,170070.36917249896
1468,167818.16317845933
1469,180552.55756299233
1470,130202.81417770516
1471,197355.46971353353
1472,100432.92104426346
1473,103569.568501133
1474,152917.48752282612
1475,121366.5850550012
1476,368690.11261070415
1477,257245.16001036312
1478,301595.28869807563
1479,280702.9104645801
1480,468915.4853856327
1481,312079.64048231667
1482,209883.24511404271
1483,175819.67964206348
1484,175267.8155112159
1485,184879.6509353784
1486,194849.25954363117
1487,334413.8865654556
1488,231533.96609686804
1489,209458.32882843202
1490,227624.49087969333
1491,192506.6237243223
1492,96787.60946951696
1493,190127.01724428922
1494,290613.36760420096
1495,278570.95036404784
1496,238598.08427632833
1497,180405.19923414715
1498,165417.53934941365
1499,162681.85477494256
1500,159382.3343183425
1501,177337.8591696362
1502,160788.3629640676
1503,291374.5489312192
1504,237579.01296971974
1505,221008.3120704877
1506,184993.2263182348
1507,244732.68389148725
1508,199801.97063354217
1509,158975.5394239857
1510,152223.6132390101
1511,145588.41894030911
1512,171551.17394411456
1513,145617.04680818884
1514,167658.78878266388
1515,196170.2229500826
1516,150541.4437742228
1517,163267.81858729414
1518,135505.7471014111
1519,229546.83271002435
1520,135763.49226520228
1521,137451.52928908664
1522,166412.8457921903
1523,113677.74871159132
1524,121633.63482273353
1525,125667.46691951026
1526,117713.82000890953
1527,110877.5554340762
1528,132115.36140383914
1529,147676.96571695086
1530,171525.8343279747
1531,113921.76301050888
1532,99799.56327655821
1533,140753.78186739978
1534,120798.92545782385
1535,151370.43352966214
1536,112594.36031624259
1537,82068.47542738912
1538,162703.7577167488
1539,203917.9490707035
1540,103208.93002266994
1541,141078.49560585193
1542,134629.32973480938
1543,195867.09056688144
1544,81774.91661007909
1545,108983.03799236414
1546,131505.53397021195
1547,138244.2435837102
1548,135066.38946181297
1549,118230.64816640748
1550,141317.33946976202
1551,113091.40613069518
1552,145689.12059554638
1553,155518.31259153533
1554,114190.57845231888
1555,171133.71234544957
1556,89346.86424494447
1557,106257.37651549012
1558,102049.51785186268
1559,89003.13782439762
1560,137386.63250574764
1561,139162.16856375773
1562,130510.69746203409
1563,122484.00430021106
1564,158187.04418713017
1565,153206.35389307412
1566,232639.54228367965
1567,79701.87217479915
1568,226878.06779450638
1569,145601.6724808474
1570,145490.07499282778
1571,123212.24749473168
1572,144146.9885553859
1573,242223.35447526313
1574,122536.75188195404
1575,222346.94835856842
1576,239677.68730535562
1577,200617.87682364535
1578,145277.63599828575
1579,147260.0487374448
1580,191062.3544967764
1581,153431.5532500863
1582,127831.02321861532
1583,319434.53969829436
1584,231135.97831058697
1585,143262.52648169093
1586,79946.45946966839
1587,105878.44154176273
1588,151891.0127632227
1589,104687.95846272992
1590,133380.57305347658
1591,95361.41378435533
1592,123616.88740198905
1593,130359.52155396344
1594,151184.4484358674
1595,116040.40068874852
1596,227408.75323340585
1597,186111.66940131647
1598,200383.7952688157
1599,177636.21893306845
1600,177712.95720372832
1601,77925.84809237314
1602,114044.50733026217
1603,96553.90116352303
1604,271967.062074412
1605,241075.42159334134
1606,167954.26355294458
1607,163975.09956331842
1608,215706.9793403978
1609,189834.6358342534
1610,157377.12792373876
1611,137501.46026465893
1612,175988.48554622318
1613,173106.82714176082
1614,124467.76467747608
1615,93435.64580720097
1616,76553.62292834949
1617,95273.59394068312
1618,125152.95910921298
1619,144241.87459320776
1620,172042.21941403893
1621,139053.61385171802
1622,139321.36694165764
1623,278651.2359101486
1624,215047.1050300272
1625,126043.7763668166
1626,162919.8829978662
1627,189302.79897872912
1628,275949.6537441692
1629,182542.2988165606
1630,349412.1029445604
1631,215507.1987094118
1632,237545.20295980357
1633,177761.08740799222
1634,189631.91136632636
1635,182317.04204474814
1636,161096.93196652824
1637,192864.67944007006
1638,194504.64376387058
1639,182487.14459468168
1640,238543.75924536676
1641,176378.43982074168
1642,227445.5061802731
1643,219955.5277545369
1644,230282.82304522922
1645,193366.6761459036
1646,161813.03478602902
1647,162238.11265281364
1648,136010.13516034573
1649,141539.65727900632
1650,117640.58621693566
1651,123974.42958709644
1652,99201.57624178205
1653,101760.0243418649
1654,146892.04969472357
1655,145799.920107167
1656,147119.0058248198
1657,148058.1609365489
1658,150314.3210959388
1659,127233.53771710391
1660,163395.82649506442
1661,453189.17227582075
1662,368129.4859630356
1663,367517.3331071608
1664,418784.1866848515
1665,318176.2830379626
1666,327166.88582656265
1667,360588.0329020481
1668,334773.35391635145
1669,299267.7499467849
1670,350544.0846763274
1671,257311.6127242017
1672,463278.141903504
1673,298606.2065190257
1674,251334.9116992115
1675,190269.67483790836
1676,196299.51220403076
1677,218330.59308718788
1678,438491.53991733486
1679,397367.401163813
1680,334853.64775462466
1681,257855.40877314133
1682,297700.61332594557
1683,179399.43759236828
1684,174331.7952450856
1685,175780.55856990826
1686,173515.4647140719
1687,173640.59802887955
1688,190091.50290713165
1689,197338.03345278208
1690,193624.52983995053
1691,186770.23691274217
1692,261874.25458387582
1693,175987.57393992174
1694,183338.79580875917
1695,167641.41789693775
1696,265817.04462301
1697,172289.4508025651
1698,356769.56845203036
1699,317714.99578404176
1700,251470.5037072311
1701,257281.03468379515
1702,250644.5451992947
1703,252085.11234839662
1704,278595.63473654795
1705,239216.7795368325
1706,405276.15695850557
1707,223268.98461371835
1708,211948.25003363471
1709,269389.1779393959
1710,225891.82956843713
1711,268510.3790244063
1712,258616.33854751714
1713,270047.7303711423
1714,219310.62061105805
1715,210390.3612541735
1716,185521.00365030824
1717,175147.63868455315
1718,135109.00674749125
1719,200079.0361717402
1720,245506.40587881798
1721,173181.71081381588
1722,131059.3112335999
1723,157128.7290406685
1724,219370.88402020527
1725,239770.75537309455
1726,188790.50871298165
1727,165100.4022177718
1728,181239.14833348835
1729,169215.55512226516
1730,159872.1176864131
1731,125674.29284730977
1732,130646.46036445136
1733,123055.61411783326
1734,121604.32872637102
1735,136172.6597573988
1736,121082.12383939618
1737,315278.91090424603
1738,222278.89584611804
1739,268622.916303904
1740,234045.74405129597
1741,199173.64370996098
1742,171816.0816916879
1743,174665.1703715481
1744,296900.36327331763
1745,225277.3500500017
1746,191719.55917398498
1747,216842.05814564202
1748,221751.75105592253
1749,156937.70277642334
1750,130670.88656233909
1751,224222.93396789202
1752,121796.62616624561
1753,149251.09537221995
1754,190823.28384411064
1755,172223.57710049802
1756,129759.77420282668
1757,124278.68945181917
1758,149571.54386053252
1759,162047.58073010584
1760,165563.9014857564
1761,145376.8756924742
1762,181636.34715027967
1763,173461.68328987027
1764,119858.3867168729
1765,169437.5036274855
1766,176042.653590561
1767,209559.75487787876
1768,146772.1157093217
1769,171244.49991126108
1770,151155.0774752947
1771,128837.66819380081
1772,134352.3326130429
1773,135065.23368657942
1774,125305.07500676834
1775,141175.13277763018
1776,124631.79718284104
1777,118844.19645057636
1778,142572.42662263004
1779,124403.30894504694
1780,174397.0824889028
1781,127898.0687498819
1782,97815.29281885136
1783,147231.9077981757
1784,113358.1863652759
1785,123349.6124905834
1786,154681.19356799155
1787,165957.95283849904
1788,67985.3640730634
1789,104968.86400790117
1790,88487.89680467894
1791,184469.40163480456
1792,150765.74860946945
1793,135153.7682497291
1794,149245.0522899353
1795,133626.04091443008
1796,132865.4337078022
1797,121365.92059706103
1798,125694.82474253261
1799,117101.60376881663
1800,136478.93624770225
1801,131831.51239072625
1802,129211.40862749246
1803,148000.54595616972
1804,145445.1659125826
1805,135417.2059605612
1806,120959.69630367382
1807,126466.94185979632
1808,126223.50254348354
1809,123993.07935948466
1810,149277.03021377107
1811,102056.20554273954
1812,97059.86757337656
1813,123373.751485601
1814,101691.89065297147
1815,54931.17985942048
1816,102315.10147192157
1817,124475.7337607099
1818,158270.91430957665
1819,126811.1513545898
1820,67760.55252347255
1821,109252.27356477005
1822,151228.78290211715
1823,54340.49588530267
1824,140087.8431142911
1825,138433.50040568318
1826,110289.41141278617
1827,102691.35776545107
1828,138678.06482904416
1829,115860.24747361724
1830,144179.99179625825
1831,150754.8403729251
1832,85181.7048645902
1833,140357.99105840307
1834,119860.47566402773
1835,133652.225738221
1836,123598.107429436
1837,93986.00957184596
1838,126437.39186471961
1839,96711.84651759468
1840,160240.8674027731
1841,147853.49920847226
1842,88898.52869255937
1843,139815.16862508038
1844,141557.1445012997
1845,145289.19424168993
1846,154801.32886780053
1847,170530.68762983885
1848,60091.31963534109
1849,114241.50704944297
1850,122186.24863756771
1851,150584.3018813277
1852,124213.5481552367
1853,139060.51650711667
1854,173943.59720133632
1855,156386.8635155919
1856,217935.23707831805
1857,160017.8974952748
1858,137669.77893410844
1859,122538.78171287398
1860,152548.2715874017
1861,121514.17081536529
1862,292701.5628199114
1863,281369.85695967893
1864,281475.12886350893
1865,335681.60636956524
1866,345003.3007647032
1867,230510.43825814244
1868,289828.24948468833
1869,201120.54557102706
1870,234350.40090208632
1871,260557.48935838614
1872,175032.36920921417
1873,231945.49568784423
1874,145055.78742507042
1875,198742.32652486317
1876,195397.4557205058
1877,214047.07023325795
1878,206737.88692228263
1879,133133.06155937345
1880,134004.95913642098
1881,240333.23742431012
1882,248905.93053011998
1883,192990.48190590646
1884,207569.40444482103
1885,247992.6921734424
1886,292730.4807997992
1887,210317.78157545775
1888,269508.0665581158
1889,168967.0626794662
1890,131898.11143032904
1891,136296.73614822896
1892,107368.8753711541
1893,132691.5682501749
1894,128401.67464170857
1895,138492.18202201228
1896,128582.693519205
1897,122037.9877320364
1898,115510.08451903482
1899,160922.02138997454
1900,150397.5793108416
1901,171044.92894127045
1902,145787.64661886473
1903,209850.71776143712
1904,147156.05749118133
1905,192516.6192660673
1906,169394.30968392148
1907,193986.9782522513
1908,115597.97364103758
1909,138029.49085651652
1910,123717.52086770986
1911,206617.56297325518
1912,287154.09877933754
1913,141179.18829109648
1914,72890.72310936828
1915,321367.7855182064
1916,74307.14990509531
1917,248436.60565442732
1918,140101.7375944284
1919,165314.38521580677
1920,148876.1725299471
1921,414581.81235340226
1922,327981.86128912086
1923,208914.68207711726
1924,222047.85598439773
1925,205351.38657145237
1926,386935.196452855
1927,134929.6424602189
1928,158886.8732094504
1929,124600.38651770956
1930,136776.74025085283
1931,149946.41422466852
1932,142076.81498599256
1933,187280.19174333743
1934,182472.47379067028
1935,177251.90397832153
1936,185828.4159665797
1937,182471.52823398652
1938,178283.57770941794
1939,247678.64637998876
1940,190600.3163530962
1941,170650.12583610523
1942,185616.29388566175
1943,212256.28475636448
1944,361100.8819857252
1945,383964.9733754678
1946,155929.10572998185
1947,303325.43142668763
1948,175274.3625523665
1949,239160.25559815846
1950,182417.25600102558
1951,253260.3583287174
1952,210657.9744217066
1953,174836.2407476769
1954,188446.44956337794
1955,134364.20481908895
1956,289016.4532566124
1957,157485.09508756417
1958,307869.09138567845
1959,140497.3607981325
1960,117406.20041114229
1961,122542.87245384585
1962,98234.46376652566
1963,107299.46219719021
1964,112217.30137946663
1965,148497.8355709287
1966,144902.38118077663
1967,291815.8430940544
1968,435411.4024946605
1969,395353.3662635218
1970,430722.67474684544
1971,409939.63712348195
1972,358645.9151304946
1973,260932.20635330403
1974,314995.80342270236
1975,444952.11848035804
1976,270642.51660805667
1977,350667.3625842076
1978,363079.56443631893
1979,327580.8193238518
1980,203990.83262183768
1981,343760.02591225994
1982,223196.11969624803
1983,209201.66384774842
1984,169248.16036977945
1985,221432.23041731573
1986,211415.38989351428
1987,185835.92247428754
1988,180780.3974939408
1989,192357.12419546908
1990,220924.51389126386
1991,235714.23897387038
1992,217001.06136316533
1993,171170.95169052805
1994,230127.53078234638
1995,181782.46252053842
1996,250301.14545848966
1997,314523.2372075645
1998,340116.1736370501
1999,261185.5620812835
2000,306937.7535454115
2001,276011.9956666358
2002,242180.13665533633
2003,255442.0849506483
2004,277291.45911907917
2005,224280.41434471915
2006,226349.01021920046
2007,245395.6165862242
2008,219699.05067410303
2009,197299.94883889693
2010,192906.58644403628
2011,143667.04708789242
2012,178662.68484121026
2013,185208.68640335524
2014,184626.93148700148
2015,200873.66079063364
2016,199107.63043320563
2017,197234.1736024635
2018,128457.50217270458
2019,138616.54887210522
2020,110679.85237719015
2021,114380.85713529248
2022,177819.33497366458
2023,147184.91098069213
2024,255930.63544607352
2025,346700.6163609922
2026,176618.30746173282
2027,156861.48498695748
2028,154227.2519708179
2029,169064.54868926475
2030,265285.07989291777
2031,240910.4908695813
2032,255363.0397225964
2033,257418.02469032205
2034,167180.6566048999
2035,214716.58063663266
2036,190197.9060742768
2037,193599.1388537711
2038,293939.72338499397
2039,221521.05550399187
2040,297607.5701986132
2041,279860.1705600503
2042,202350.34966425388
2043,168622.75857199385
2044,169117.3809001078
2045,210228.70386351462
2046,138261.0235369445
2047,146678.86962992494
2048,140889.08669619815
2049,140938.68845697542
2050,174275.29638788768
2051,112624.89602198993
2052,132318.02205265022
2053,144301.6228473354
2054,89018.78488206252
2055,161832.1057536507
2056,141176.99577467484
2057,121029.31201715725
2058,227340.66305084762
2059,135184.52221394653
2060,167662.65259273152
2061,168613.21972884415
2062,131832.5935186166
2063,117704.17588881892
2064,141734.6091930585
2065,119934.28636911715
2066,166642.773767137
2067,126941.42203752763
2068,133086.80468039677
2069,88560.79448512655
2070,113330.36081832477
2071,106860.99953026103
2072,134522.51055865438
2073,140853.0355305377
2074,178334.23015288182
2075,147458.9000492235
2076,123860.1884979946
2077,154427.11515417515
2078,132186.0815501563
2079,129901.25281803444
2080,119444.72827691208
2081,126604.9111853972
2082,130776.87752683327
2083,140915.2928869716
2084,113321.4665080221
2085,124820.17153972512
2086,125277.39414511596
2087,121529.60019067355
2088,101284.29186786494
2089,80812.45930771495
2090,130006.6060448552
2091,124190.05130829937
2092,130106.51944519271
2093,128745.83810904252
2094,121849.80544756913
2095,148927.4973072541
2096,81361.68097355349
2097,98799.92047183879
2098,151396.02930293448
2099,67794.84350359297
2100,93107.72056615865
2101,121180.52665666226
2102,121759.98433511727
2103,108851.29458986799
2104,134370.44771454204
2105,130895.50936003606
2106,76012.42443745538
2107,205811.46837655763
2108,115534.51459302787
2109,111871.54390281443
2110,133254.00790133319
2111,141428.84905581496
2112,143906.029365667
2113,118466.65489108815
2114,110801.4640780715
2115,156234.75160589014
2116,118837.03505637546
2117,144932.05500130614
2118,127706.38408650857
2119,108598.47730773469
2120,114332.00557793066
2121,94882.000925805
2122,108673.02671287884
2123,91437.84413820686
2124,164630.9866216465
2125,127260.62976341226
2126,155486.29840465914
2127,147405.14302055535
2128,130714.68993705352
2129,105735.17636835395
2130,138968.20476720497
2131,146322.16905547187
2132,117837.94445240643
2133,122406.49555748863
2134,125743.47689881004
2135,99093.54589037035
2136,85295.68496675685
2137,119750.26783485095
2138,132754.11397074538
2139,152050.57550254674
2140,139778.1736786107
2141,148618.35572098396
2142,130954.92222823467
2143,149629.56133612522
2144,122677.10278883763
2145,137352.21452809498
2146,160695.02482044627
2147,147342.35766001808
2148,135471.01797637745
2149,149673.2434446424
2150,223745.1141219679
2151,116723.05429070027
2152,176113.76328364498
2153,164674.43273190147
2154,109043.07629772596
2155,144296.14195429068
2156,269380.8799830737
2157,228148.58760382753
2158,234915.13202588813
2159,207671.65546665815
2160,173996.46530057926
2161,236963.20334092237
2162,387288.31589317205
2163,353723.9559981128
2164,251507.81645812982
2165,194559.30252452075
2166,152210.29229877127
2167,221342.50286450476
2168,202969.94249798497
2169,199757.85287646373
2170,219138.15486824763
2171,149040.69999057456
2172,134985.14859091784
2173,163393.9402343735
2174,224834.60209424107
2175,295862.4911456047
2176,324844.0261090661
2177,240747.57512276803
2178,212749.36293665326
2179,142993.0337358322
2180,227394.19877214578
2181,193148.77503744542
2182,222211.06739089554
2183,192172.75917447195
2184,127326.89141175877
2185,123918.9643236798
2186,145743.59246977593
2187,154581.9698015441
2188,156147.6638904469
2189,234774.87081346387
2190,89621.52898155892
2191,86093.03520456183
2192,93303.04032176727
2193,113947.5497307564
2194,107403.98509080632
2195,112903.35082472606
2196,108108.13933256855
2197,124402.96615137398
2198,158026.3521895735
2199,174618.50305377546
2200,149231.51631626487
2201,145188.47225551106
2202,201699.69315937476
2203,150946.21664880333
2204,189424.2105810108
2205,118741.09363061044
2206,148662.5344023916
2207,212598.12894711585
2208,236677.93591108115
2209,225139.19977827408
2210,125954.95056457876
2211,114420.8180726126
2212,116533.64614530333
2213,107706.88602797335
2214,134741.91421983673
2215,105939.43243802236
2216,149786.00450496748
2217,90312.23157566876
2218,85720.7384576007
2219,81598.10056667234
2220,85194.4481814011
2221,323243.2639758111
2222,267920.38862311136
2223,291581.55648954224
2224,217386.61952072175
2225,123234.86554857035
2226,192171.3865409399
2227,198520.0014220241
2228,261808.54532844183
2229,243568.16466810758
2230,156429.4309672766
2231,216239.0517727551
2232,183515.76472558884
2233,180700.1614270436
2234,244288.39437757828
2235,223247.84266423775
2236,252407.86773395623
2237,340476.68074152386
2238,205935.44173558295
2239,115225.1081841822
2240,165526.48109400697
2241,166239.95311275552
2242,128556.33335519597
2243,126870.17660760132
2244,103919.8407178382
2245,108432.97383520473
2246,140286.9768810984
2247,114856.19030139271
2248,125047.11022358708
2249,126461.79144251315
2250,137097.92509997686
2251,122008.4238037613
2252,170359.9291356936
2253,159220.22580623763
2254,176661.8854654237
2255,186480.8288895298
2256,183273.8095944389
2257,205663.9442468183
2258,169566.8825664494
2259,178464.43226217225
2260,162911.803770962
2261,193068.36145415108
2262,210258.21409547568
2263,373923.80337206624
2264,414237.0505553562
2265,177808.8572407416
2266,292434.35902242106
2267,367065.6982993205
2268,383339.76333568216
2269,151463.79205609535
2270,189071.65463538337
2271,219389.01959889045
2272,198135.62937855645
2273,168413.89041912887
2274,181461.96574263583
2275,162127.3940306951
2276,191156.37294366
2277,184369.98174217733
2278,144424.74362915516
2279,130142.57007032313
2280,115087.11950140628
2281,179851.70862557116
2282,197680.87435982825
2283,105640.81073102981
2284,116247.78702943998
2285,141762.28472678305
2286,124973.98422356308
2287,349737.54827956145
2288,281978.16745438747
2289,367917.0403888745
2290,420163.7740798579
2291,333748.0434453731
2292,433353.26950384566
2293,440794.3464859878
2294,410043.42005983053
2295,426443.8445665784
2296,262011.350064836
2297,321050.25345989096
2298,338356.58578985964
2299,367201.812543951
2300,328785.996653239
2301,297017.33881815034
2302,243258.9124308602
2303,239849.78767851915
2304,236539.33456981144
2305,191044.36864900799
2306,188062.1652309241
2307,192108.62651332165
2308,222374.29940078512
2309,276581.1510383063
2310,221116.36625883996
2311,194025.83038665954
2312,175052.26755682964
2313,176048.76354548163
2314,171341.65519477075
2315,179649.68213335486
2316,193688.81050971034
2317,181904.4678473613
2318,180284.14281026754
2319,181197.55754126815
2320,187787.44118582935
2321,241038.223159967
2322,176280.64942622185
2323,187515.46669004433
2324,177013.5857130521
2325,207732.33705476957
2326,177601.58215556087
2327,212909.78669012574
2328,227844.85856624084
2329,186547.00815830444
2330,177162.79574725384
2331,355351.922871428
2332,383605.3820806121
2333,305405.3448040596
2334,262316.07964670507
2335,259200.07191605784
2336,323458.1616129055
2337,205477.18227619195
2338,272655.6332585078
2339,221990.3934262992
2340,392412.5964242289
2341,216539.78516851997
2342,226658.4621130491
2343,224378.2399478316
2344,226056.13832977848
2345,229630.04132167992
2346,215841.03370610857
2347,200473.21816757272
2348,237535.78207038523
2349,180484.00839607493
2350,297913.94455197395
2351,259549.67945988767
2352,259994.54728568794
2353,269301.4574712118
2354,138041.12759143126
2355,152315.3112782055
2356,156377.52198063338
2357,198038.059199071
2358,196713.08034297713
2359,129974.15063687583
2360,118592.90876742663
2361,140709.56926545233
2362,252263.6766057156
2363,144662.04791733183
2364,159325.24821582198
2365,216601.31548723066
2366,196603.36957036922
2367,215506.11996190203
2368,216406.2384578623
2369,210538.00419597313
2370,170188.23006810943
2371,170707.8534058211
2372,193936.14975875526
2373,259998.2240402027
2374,294234.58592164237
2375,247952.85376326976
2376,277950.4643841239
2377,341606.9005368153
2378,149429.25306658057
2379,196418.67375519103
2380,145789.54700321634
2381,159464.67726501267
2382,201620.00975943037
2383,205476.47281369515
2384,240241.54646347437
2385,162751.61361363134
2386,137730.80171121762
2387,136689.2836748606
2388,104559.53090981727
2389,130439.5835792073
2390,153087.43107428946
2391,145754.15539673937
2392,113370.6199163334
2393,167769.49486544525
2394,149586.24284004088
2395,207373.6659950468
2396,145211.4796003439
2397,208328.29523444455
2398,135777.76890720087
2399,63168.24065772961
2400,66017.78758715726
2401,112770.50344002356
2402,137920.1508490329
2403,138359.35789654707
2404,155066.21420064644
2405,164437.06750324895
2406,140979.5601687139
2407,126526.66318081759
2408,141205.3132158692
2409,128984.6932236876
2410,161209.81570936972
2411,121093.81588364879
2412,154036.3668191812
2413,131561.1106842576
2414,143759.00956317934
2415,132041.28088015574
2416,129670.93035359823
2417,136224.53321586084
2418,129465.88995623968
2419,123371.3470199513
2420,130700.58637076114
2421,145868.22191413888
2422,117675.97253288355
2423,129426.84524350088
2424,151068.7759070342
2425,224264.70873938757
2426,133009.35764534655
2427,135146.45624067757
2428,174651.07498601035
2429,118229.71371988433
2430,134551.0799053929
2431,117451.05325857719
2432,144208.54710868304
2433,147544.85113863455
2434,137414.01153699428
2435,150063.7654784822
2436,116819.28975525747
2437,113640.14355868036
2438,129731.7641403088
2439,111518.95054346928
2440,120974.56032217646
2441,100323.9963062478
2442,102134.2269988855
2443,122892.70731917906
2444,130072.57167707084
2445,84130.68761832465
2446,135420.89197497937
2447,188284.89235087848
2448,137550.33056046715
2449,111431.01409773304
2450,144736.1644107984
2451,129928.90203579723
2452,199750.9730785608
2453,97549.5112588168
2454,130643.98185030991
2455,121905.91573704935
2456,131879.89966498496
2457,131083.18487646783
2458,126269.35045853845
2459,112427.22748055895
2460,139405.8867772596
2461,121448.39976824164
2462,135079.24191034285
2463,124435.55722368509
2464,170720.626028648
2465,137159.29770805675
2466,112451.0366771082
2467,141891.41460022464
2468,82890.17943714847
2469,79728.721463627
2470,183258.4044872687
2471,197831.83094151883
2472,163951.61952137703
2473,120022.56063380072
2474,90123.71500973775
2475,199177.018586205
2476,115173.89478955307
2477,129184.72955451792
2478,151879.16387805613
2479,112820.85449172881
2480,160520.99972354417
2481,125857.31920220418
2482,130562.76801542353
2483,115649.66218411563
2484,127292.18498917171
2485,131694.82695995286
2486,157596.69662293003
2487,191036.8875636486
2488,156143.63394195685
2489,154449.91879145743
2490,154415.0337353254
2491,95598.19514247555
2492,189417.39519751281
2493,153177.88261823595
2494,148620.05584546048
2495,86600.54418070303
2496,237533.95042574202
2497,145733.38712358824
2498,114189.37727645086
2499,97723.50942717152
2500,132508.56963957043
2501,135067.25192096093
2502,147654.530658074
2503,97602.53030311034
2504,183492.09705104766
2505,225807.6841049738
2506,259401.8630398584
2507,287201.9033294383
2508,257339.44835171493
2509,219838.88500179644
2510,218035.67860445118
2511,178625.1807860954
2512,211122.49500951867
2513,219247.05142420268
2514,254921.5834226531
2515,155112.03746282737
2516,177251.85591180949
2517,144249.4531351682
2518,152461.9778910966
2519,226692.04227535572
2520,211401.76510949057
2521,193613.90843126673
2522,220606.76889318696
2523,123954.72665284236
2524,141871.36177067185
2525,149078.38868406462
2526,134826.678816933
2527,116419.18004822003
2528,131316.66172688376
2529,135060.9635856953
2530,128648.65939742424
2531,249327.8608389576
2532,222909.13436455125
2533,197289.49213407797
2534,231905.06110470858
2535,295085.1060400335
2536,241665.83520445693
2537,236571.57178153822
2538,182085.43677166672
2539,187142.61771627853
2540,180735.1543202908
2541,184372.85275113306
2542,169103.32577547996
2543,129606.35246930907
2544,123807.96430907154
2545,134434.32118120993
2546,134186.2572608752
2547,139388.23451300303
2548,152270.12103319328
2549,161797.73349765054
2550,360710.6745835893
2551,141666.9910934418
2552,128346.3282226531
2553,83314.31269028882
2554,105888.44616031414
2555,124462.64116877726
2556,109001.55064224295
2557,110757.19918859299
2558,148847.74247598028
2559,139279.6932146102
2560,147658.09885387722
2561,145944.25552801866
2562,140155.22392536915
2563,150544.81385628867
2564,194166.3381768024
2565,150689.80214227483
2566,171204.2407379035
2567,136071.7390203823
2568,201960.94759779543
2569,206935.4310414368
2570,124177.67950381525
2571,191656.3914759814
2572,147097.99510847722
2573,211752.61823959957
2574,265815.3417978257
2575,130769.56791673243
2576,125769.16302186537
2577,153753.91267652312
2578,88994.75045531594
2579,76310.66255733055
2580,123152.13945406573
2581,121931.31981056128
2582,121956.50428159494
2583,270905.51094250224
2584,163506.83273701917
2585,195036.941393718
2586,218433.16893852066
2587,196187.86395661673
2588,147182.66693460773
2589,151836.35293723704
2590,209415.733512306
2591,212672.2694450496
2592,212850.8013484347
2593,242222.24157000773
2594,173229.99314415682
2595,206369.45274578736
2596,305652.1648195641
2597,191777.79971175693
2598,274806.8232160305
2599,316412.0006603246
2600,168215.08938255347
2601,156722.31124541364
2602,86283.11099876769
2603,99230.72842303348
2604,92120.13963409512
2605,80650.27141734352
2606,153011.01408391894
2607,200467.71104390803
2608,201236.3815625317
2609,165797.188650262
2610,111864.58350045871
2611,128070.45399371877
2612,155073.76008622354
2613,130439.92118677925
2614,130431.09979441029
2615,155290.43459761958
2616,144494.1480192549
2617,190945.77349083757
2618,202348.7104156978
2619,190263.51507721934
2620,187650.8517985067
2621,179290.9555750889
2622,184635.19322423913
2623,243905.76561397436
2624,296245.92801569426
2625,296007.76581975725
2626,174129.80083537957
2627,172449.85194945883
2628,453572.754336621
2629,478111.2164423653
2630,367555.67974311754
2631,446027.0576578225
2632,424039.78802233934
2633,306706.3659189074
2634,401305.3747892353
2635,159417.90639450218
2636,179424.49022850388
2637,184658.31969748443
2638,252253.78444199156
2639,187941.13208818264
2640,157379.69557900119
2641,105203.46645241677
2642,198017.2987406349
2643,104962.33719272705
2644,132028.03790953878
2645,108255.1014744018
2646,99029.35089986108
2647,107171.94079697008
2648,145182.7963701301
2649,147296.0507742313
2650,137805.1935233502
2651,147773.41459422398
2652,407694.9240436793
2653,256611.6814161237
2654,267740.14033039345
2655,392132.5536593378
2656,317545.04781625746
2657,327672.33237630455
2658,277829.4411435382
2659,305741.51497013133
2660,342302.87402916193
2661,350273.2279676398
2662,363661.76759891154
2663,272301.4778306489
2664,273019.86721978267
2665,320210.22720630554
2666,283045.4985415195
2667,167675.39612629852
2668,182025.95370912694
2669,183659.7469180254
2670,274893.61580041406
2671,186597.55319613958
2672,194182.284976698
2673,204932.70757010498
2674,203320.92328231857
2675,177459.2563495495
2676,190561.5727017951
2677,194266.07068830114
2678,249561.60838482666
2679,275685.17632637784
2680,280224.8226772887
2681,400631.4946140057
2682,320450.777001775
2683,508732.1113587967
2684,315399.6840252559
2685,319764.40089611185
2686,252395.02043315966
2687,329551.01944921806
2688,213894.4429538792
2689,206211.1346864025
2690,432849.7787487642
2691,194030.6108987871
2692,134634.02709281066
2693,194815.63379560853
2694,134925.8183959283
2695,192260.6313066756
2696,185839.72274159547
2697,195022.6988102771
2698,192020.0845913353
2699,178314.160572842
2700,165101.62719214903
2701,158021.94575465305
2702,113720.7226261893
2703,129751.62208730254
2704,142943.85100492171
2705,119757.74166109163
2706,120766.37653223239
2707,126156.62504462434
2708,134923.2067784187
2709,108979.9593489496
2710,130446.51912848912
2711,268155.9671100293
2712,374375.7637947932
2713,176184.27124140054
2714,154133.96300721075
2715,170303.3709140466
2716,156482.81133294277
2717,183665.75476932008
2718,226126.03834763396
2719,159818.67965412093
2720,167755.19574793923
2721,138396.46291563596
2722,160169.80886783093
2723,144711.61031218196
2724,131002.68432022817
2725,134081.68293188856
2726,145454.97441434412
2727,176626.19363535626
2728,171701.95976386487
2729,152209.9328813661
2730,143364.2563581719
2731,127919.39395057829
2732,128391.03159314064
2733,160552.33384671537
2734,146637.49578065498
2735,137611.69745058625
2736,146713.21498556688
2737,123076.03455367518
2738,133448.63244912217
2739,164892.7846775166
2740,140405.7614690069
2741,148880.3039599194
2742,155822.84769806493
2743,146841.12679332224
2744,156069.86348975997
2745,138402.9464974641
2746,137322.88024592111
2747,152829.4119413083
2748,124852.48066033926
2749,133157.25064273694
2750,136455.92972018349
2751,137378.23305414364
2752,203753.63251524506
2753,152739.41201894308
2754,230725.2589613056
2755,130269.79759764264
2756,103769.61914411996
2757,73099.65022758459
2758,93084.38787997165
2759,155465.32530268378
2760,130872.0395957281
2761,149301.68246704293
2762,145872.56634804263
2763,182572.7245658558
2764,158895.15463167644
2765,272722.98068621755
2766,137823.5682702408
2767,93789.16712847374
2768,131788.14651001428
2769,133238.92505427852
2770,141623.9034671966
2771,115735.85960707521
2772,114160.20322451601
2773,164940.6590251657
2774,136975.5340572162
2775,123506.66946382029
2776,135420.44661746218
2777,140471.1906191244
2778,113350.34764290001
2779,131550.1216742611
2780,95378.3409467079
2781,101228.18619915108
2782,98283.5630175437
2783,108246.52771064288
2784,123006.2008410507
2785,136786.56388660843
2786,81167.92442076284
2787,121490.052361154
2788,80616.7425990279
2789,174875.6471670345
2790,99187.14357205249
2791,114780.52368703221
2792,66278.62041224135
2793,172562.59636080323
2794,106631.86515440833
2795,120754.21630320988
2796,103806.37794886045
2797,187987.74633787875
2798,117373.46098399832
2799,120197.38930692588
2800,68621.4860452726
2801,112064.12401266966
2802,136990.96952052764
2803,159364.19353334053
2804,142684.25821351935
2805,108340.00451565767
2806,82459.94241247849
2807,156231.31152529552
2808,155074.6609875094
2809,137831.36699684322
2810,134005.4127074864
2811,161756.27272158756
2812,154264.39809511718
2813,160464.95289214447
2814,149280.29637690925
2815,105906.37829344394
2816,229098.64455670567
2817,159987.87395878986
2818,134497.90977105254
2819,162548.35285309612
2820,143039.14582225995
2821,113863.06647408311
2822,196617.22467198945
2823,284750.2030452033
2824,190568.23608159705
2825,157009.84448672115
2826,133471.06408695894
2827,134282.50298980944
2828,227728.07030393055
2829,207656.0136936265
2830,224776.51504439808
2831,182655.40171576955
2832,250821.39641519857
2833,301034.31630706455
2834,210891.0623476829
2835,221615.81836669694
2836,196368.99876284326
2837,160402.66973146118
2838,151541.54952559026
2839,181640.58826954168
2840,199482.198266862
2841,205005.39205055786
2842,223740.59538356058
2843,148503.96729484692
2844,156379.42720449748
2845,120645.53678360906
2846,212944.91439910472
2847,202075.6197658444
2848,212058.16073782745
2849,200443.7201844887
2850,272479.98896479
2851,225551.27304312686
2852,223127.51261590753
2853,239534.3437087641
2854,143331.7959810597
2855,204890.08585820085
2856,200378.45666143426
2857,188595.9461456191
2858,198413.76375780278
2859,126464.73827972185
2860,129659.32785005776
2861,124977.08464353689
2862,198002.35404067047
2863,132079.67613669042
2864,240956.88563879323
2865,143080.02875314857
2866,142232.6100749615
2867,103214.45165953037
2868,104924.23683401685
2869,115343.17004958563
2870,133468.75421492255
2871,93737.62569222221
2872,56541.842637669906
2873,105944.95102043978
2874,138791.90237657214
2875,115889.2741620626
2876,156112.74851502062
2877,138122.3907217369
2878,169207.62846056212
2879,139066.12949828952
2880,101322.11222739205
2881,147441.14480749474
2882,175916.7490636657
2883,193064.69217529707
2884,194504.01314955007
2885,184839.1825218354
2886,226668.47286359587
2887,98818.37860958323
2888,133418.84004002932
2889,54926.848743496266
2890,88317.2730323298
2891,134178.0982538352
2892,58377.62178572769
2893,94708.16886940366
2894,66341.793350213
2895,312380.72776285664
2896,281397.32877197186
2897,212333.17885036222
2898,151407.67079566035
2899,215488.34548294736
2900,163613.6007301992
2901,201545.93293997855
2902,191994.05401010267
2903,335101.9482087632
2904,346015.05736872833
2905,103458.13290766998
2906,210501.4726684454
2907,115304.41821711841
2908,134166.39189847303
2909,145177.29967316
2910,82613.97618389376
2911,84501.7300963656
2912,148909.73885784412
2913,86757.28501464389
2914,79800.06170128094
2915,85761.92335957497
2916,85881.85950476272
2917,171947.08202776161
2918,119939.98529024399
2919,219448.2758015834
